NAME	S	BETX	BETY
RING$START	0	9.4220708	3.181549899
CTX	0.035	9.42220086	3.181934929
TO01	1.285	9.59732327	3.700549994
STZ1	2.57	10.12307725	5.257550468
TO02	2.68	10.18436965	5.439065764
STP0	2.73	10.21307891	5.524087215
TO03	2.905	10.31774032	5.834038337
TL1	3.7135	9.860999337	8.230914105
TO04	4.4885	7.037241237	13.98247108
TL2	5.2635	4.808746159	20.67155578
TO05	7.2525	5.675337591	19.09418077
RES4	9.078	8.588039382	16.0286337
TO06	9.693	9.923475988	15.1422671
STX1	9.898	10.4082876	14.86320796
TO07	9.998	10.65197806	14.7300565
STP2	10.038	10.75077567	14.67734214
TO08	10.143	11.01371197	14.54045198
RES5	10.718	12.54586442	13.82895336
TO09	11.333	14.35729393	13.13934349
STZ2	11.538	15.00076985	12.92586993
TO10	11.743	15.6640788	12.72059457
RES6	12.358	17.77300388	12.15395766
TO11	13.193	20.92203839	11.50271735
TL3	14.1915	21.68504036	12.62907984
TO12	14.9665	13.58288478	20.3428515
TL4	15.7415	6.876432447	29.59576704
TO13	16.54	4.321972987	28.74573397
STP4	16.705	4.021978249	27.7780138
TO14	16.99	3.559991262	26.1500623
STZ3	17.335	3.095963906	24.25321564
TO15	17.44	2.9754382	23.6919648
STX2	17.545	2.864572499	23.13820411
TO16	17.8535	2.594724049	21.55453483
W0	18.178	2.382943493	20.10804653
WM	18.4265	2.17600453	19.9568666
WP	18.7515	2.244200481	17.54791958
WM	19.0765	2.169021051	17.08394089
W0	19.325	2.369983203	15.29411338
TO17	19.7695	2.667164108	13.53643747
OM	20.173	3.070767556	12.14834147
RP	20.228	3.136838757	11.96691469
OM	20.283	3.205562698	11.78735463
B	21.2765	4.900437033	8.865454172
FS	22.396	7.833897603	6.302713213
O1	22.577	8.409925323	5.96069296
F7	23.1435	9.58344056	5.490707819
O2	23.801	8.981654909	6.355085612
B	24.8505	7.085978703	9.139101908
DS	25.97	5.604040688	12.98545702
O1	26.151	5.416606009	13.69425964
D7	26.718	5.325264282	14.92648393
OM	27.32	6.334441259	13.75768013
RP	27.375	6.480431354	13.55731719
OM	27.43	6.629028951	13.35886697
B	28.4235	9.755323141	10.10386197
FS	29.543	14.27202601	7.183365401
O1	29.724	15.10298224	6.784355405
F7	30.2905	16.46881837	6.200655123
O2	30.948	14.58817881	7.074428522
B	31.9975	10.12456546	9.928228247
DS	33.117	6.44275163	13.79596442
O1	33.298	5.952076084	14.50414682
D7	33.865	5.002436698	15.66663289
OM	34.467	5.051166661	14.29758025
RP	34.522	5.098129709	14.07555834
OM	34.577	5.146502316	13.85570028
B	35.5705	6.258510732	10.25696947
FS	36.69	8.048007476	7.04756139
O1	36.871	8.391350482	6.612124486
F7	37.4375	8.797184034	5.911448971
O2	38.095	7.492669956	6.589075502
B	39.1445	4.939102002	9.021798767
DS	40.264	3.193892311	12.35382471
O1	40.445	3.007096308	12.96452032
D7	41.012	2.807333772	13.93287622
OM	41.614	3.360265801	12.65326028
RP	41.669	3.448210316	12.45123773
OM	41.724	3.539068312	12.25132295
B	42.7175	5.678393845	9.002786849
FS	43.837	9.211960953	6.166619317
O1	44.018	9.893611274	5.790583176
F7	44.5845	11.2685277	5.211433509
O2	45.242	10.52464624	5.891726903
B	46.2915	8.188037543	8.280846039
DS	47.411	6.266873275	11.62542922
O1	47.592	6.013440386	12.24125532
D7	48.159	5.760240144	13.28388371
OM	48.761	6.657945475	12.19079997
RP	48.816	6.79474833	12.00853137
OM	48.871	6.933841903	11.82813566
B	49.8645	9.834460049	8.891673137
FS	50.984	13.97221147	6.315571633
O1	51.165	14.72452723	5.973051922
F7	51.7315	15.85660287	5.504931499
O2	52.389	13.83169886	6.377475855
B	53.4385	9.301458693	9.181897023
DS	54.558	5.65695614	13.05311893
O1	54.739	5.185131493	13.76167413
D7	55.306	4.258166925	14.97920499
OM	55.908	4.231924515	13.77900811
RP	55.963	4.267843815	13.57544951
OM	56.018	4.305338548	13.37384808
B	57.0115	5.250218247	10.0691307
FS	58.131	6.918191837	7.110738812
O1	58.312	7.247174136	6.709087693
F7	58.8785	7.714826634	6.115483049
O2	59.536	6.714230634	6.963054862
B	60.5855	4.678524847	9.75890363
DS	61.705	3.34056726	13.55590601
O1	61.886	3.205539292	14.24884217
D7	62.453	3.165671864	15.37803555
OM	63.055	3.937816664	14.02029426
RP	63.11	4.049685871	13.80122452
OM	63.165	4.164637029	13.58431472
B	64.1585	6.767150169	10.03837538
FS	65.278	10.88571214	6.886881419
O1	65.459	11.67015669	6.460611831
F7	66.0255	13.21596726	5.776445736
O2	66.683	12.2478782	6.445318261
B	67.7325	9.343427126	8.849454418
DS	68.852	6.888819023	12.15694828
O1	69.033	6.553919686	12.76622069
D7	69.6	6.085430379	13.75050551
OM	70.202	6.794816234	12.52267319
RP	70.257	6.913917912	12.32633369
OM	70.312	7.034937063	12.1320325
B	71.3055	9.544306643	8.973517052
FS	72.425	13.09785212	6.210914437
O1	72.606	13.74637781	5.842501861
F7	73.1725	14.64064338	5.28612568
O2	73.83	12.62067051	6.004971773
B	74.8795	8.301826185	8.474838622
DS	75.999	4.913065902	11.92015938
O1	76.18	4.483601736	12.55788562
D7	76.747	3.644779199	13.65287081
OM	77.349	3.627832371	12.55737215
RP	77.404	3.661781547	12.37237838
OM	77.459	3.697548839	12.18924278
B	78.4525	4.653465041	9.201050791
FS	79.572	6.430086521	6.560314831
O1	79.753	6.786934846	6.205409823
F7	80.3195	7.39341944	5.713992705
O2	80.977	6.622511738	6.598923884
B	82.0265	4.897996599	9.44106375
DS	83.146	3.766189954	13.3411292
O1	83.327	3.652442778	14.05519523
D7	83.894	3.69567775	15.26879364
I00	84.7105	5.157220727	13.20905426
SIM1	85.301	6.856308402	11.13825952
SIM1A	85.762	8.437779177	9.661808961
SIM1	86.223	10.21979079	8.340435233
I01	87.0585	14.01766881	6.284691415
SIP1	87.573	16.71422024	5.257199438
I02	87.613	16.9352459	5.185022908
SIL1	87.787	17.57772772	4.980360738
I03	88.938	13.93315833	6.349571358
SIM2	90.276	10.14384253	8.893560215
SIM2A	90.737	9.055729295	9.960402884
SIM2	91.198	8.058600011	11.14247684
I04	91.671	7.153311774	12.44421769
SIL2	91.957	6.787499137	13.03856132
I05	92.243	7.205763532	12.23341979
SIM3	92.716	8.206414455	10.61916013
SIM3A	93.177	9.306608167	9.175552164
SIM3	93.638	10.50716686	7.888217598
I06	94.093	11.81358544	6.749313307
SIZ1	94.302	12.45306306	6.273311805
I07	94.432	12.86296024	5.992788592
SIP2	94.487	13.03918026	5.877696908
I08	94.53	13.17811273	5.789203445
SIL3	94.707	13.48283051	5.553254355
I09	95.6215	10.07814864	6.778841359
SIM4	96.723	6.593710972	8.951385672
SIM4A	97.184	5.448098571	10.02509578
SIM4	97.645	4.475136013	11.21334878
I10	98.1555	3.613316014	12.63123591
SIL4	98.479	3.242069282	13.34917335
I11	98.684	3.285865256	12.84114692
OM	98.79	3.349629306	12.46408257
RP	98.845	3.385625666	12.27134999
OM	98.9	3.42361107	12.08060836
B	99.8935	4.449178123	8.977978454
FS	101.013	6.371229336	6.260358094
O1	101.194	6.757797976	5.898590476
F7	101.7605	7.465018393	5.36727933
O2	102.418	6.79307372	6.134291674
B	103.4675	5.168236185	8.709787079
DS	104.587	4.083299031	12.2875452
O1	104.768	3.970917674	12.94732698
D7	105.335	4.032385724	14.079786
OM	105.937	5.030822064	12.94965222
RP	105.992	5.169745517	12.75865947
OM	106.047	5.311747435	12.56955635
B	107.0405	8.401084094	9.47938017
FS	108.16	13.06277587	6.735689206
O1	108.341	13.93509985	6.364631379
F7	108.9075	15.55147135	5.835006214
O2	109.565	14.15596896	6.697497852
B	110.6145	10.38846402	9.500355903
DS	111.734	7.19360963	13.33549725
O1	111.915	6.756566366	14.04048255
D7	112.482	6.000519839	15.2320051
OM	113.084	6.392274392	13.96845412
RP	113.139	6.478777549	13.7581899
OM	113.194	6.56680221	13.54995665
B	114.1875	8.412771533	10.13847397
FS	115.307	11.06751361	7.087959526
O1	115.488	11.5552724	6.672694828
F7	116.0545	12.13110305	6.034104587
O2	116.712	10.29495003	6.808788259
B	117.7615	6.596652454	9.446959794
DS	118.881	3.840839704	13.04080603
O1	119.062	3.511032443	13.69912446
D7	119.629	2.918242042	14.76351688
OM	120.231	3.066700352	13.44382342
RP	120.286	3.114104083	13.23242109
OM	120.341	3.163829268	13.02314769
B	121.3345	4.458820915	9.609329614
FS	122.454	6.813862236	6.595003789
O1	122.635	7.283305975	6.190555826
F7	123.2015	8.21333207	5.553703185
O2	123.859	7.631573571	6.234368147
B	124.9085	5.983658524	8.647018652
DS	126.028	4.797493234	11.98665116
O1	126.209	4.662120119	12.59955496
D7	126.776	4.689985277	13.60310178
OM	127.378	5.743557663	12.41464834
RP	127.433	5.891239545	12.22233276
OM	127.488	6.041836137	12.03200957
B	128.4815	9.25822001	8.93676781
FS	129.601	13.99625607	6.228440475
O1	129.782	14.86998592	5.869091142
F7	130.3485	16.39017385	5.344491714
O2	131.006	14.69125874	6.116784185
B	132.0555	10.43823681	8.703231026
DS	133.175	6.880689483	12.29727258
O1	133.356	6.4030761	12.95654191
D7	133.923	5.516352424	14.08002533
OM	134.525	5.704799271	12.93459625
RP	134.58	5.768444221	12.74213584
OM	134.635	5.833496897	12.55158931
B	135.6285	7.245986716	9.438964372
FS	136.748	9.370219253	6.680265684
O1	136.929	9.765145092	6.309580123
F7	137.4955	10.20304284	5.780549829
O2	138.153	8.624430085	6.636184748
B	139.2025	5.530567321	9.423905647
DS	140.322	3.3301622	13.24304693
O1	140.503	3.082041198	13.94132471
D7	141.07	2.708470226	15.11216502
OM	141.672	3.063749178	13.84212758
RP	141.727	3.131221744	13.63203552
OM	141.782	3.201382676	13.42399047
B	142.7755	4.928337302	10.0186124
FS	143.895	7.911748157	6.981550178
O1	144.076	8.497211024	6.569830349
F7	144.6425	9.693624027	5.935911797
O2	145.3	9.094256413	6.696992352
B	146.3495	7.183995589	9.30064274
DS	147.469	5.682869287	12.85779621
O1	147.65	5.49198304	13.51041691
D7	148.217	5.394586841	14.5728908
OM	148.819	6.407662508	13.28539731
RP	148.874	6.554419061	13.07808055
OM	148.929	6.703770812	12.87285309
B	149.9225	9.84150491	9.525818595
FS	151.042	14.36609862	6.570686574
O1	151.223	15.19784037	6.173057996
F7	151.7895	16.55721523	5.552759692
EO30	152.4545	14.61459246	6.265034697
SEP5	152.573	14.05718537	6.506410264
EO29	152.853	12.79094791	7.112353265
SES3	153.208	11.28856551	7.952320113
EO28	153.348	10.72917837	8.304550071
SEQ3	153.488	10.18784921	8.669014272
EO27	153.693	9.427233968	9.225151299
SEX5	153.883	8.756278468	9.764425992
EO26	153.998	8.366066217	10.10196646
SEZ3	154.113	7.987838394	10.44790559
EO25	154.268	7.497015196	10.92746
EL5	154.9965	6.200545306	11.98898306
EO24	155.7385	7.007821534	9.771649128
EM3	156.353	8.52136442	7.304138163
EM3A	156.9295	10.1336295	5.389146288
EO23	157.0035	10.35592046	5.170758802
EZM3	157.1545	10.82130721	4.745062334
EZM2	157.567	12.16674076	3.722285175
EZM1	157.9795	13.62065497	2.90467516
EO22	158.245	14.61382808	2.486955208
SEP4	158.383	15.1478036	2.303405325
EO21	158.683	16.35050603	1.983602097
EL4	159.6165	19.03745854	1.808025487
EO20	161.195	14.26638528	5.159787899
SEQ2	162.215	11.00936925	9.427265674
EO19	162.615	9.892550494	11.53108339
SEX3	163	8.902981661	13.78496308
EO18	163.175	8.480859616	14.88369524
SEZ2	163.35	8.076038802	16.02882826
EO17	163.49	7.764639037	16.97834331
SEO2	163.645	7.43279091	18.06423177
EO16	164.24	6.28497412	22.5707058
EL3	165.3935	5.132710708	29.86116827
EO15	166.357	6.878660436	24.48891527
SEP3	166.687	7.835077881	21.92355548
EO14	168.6715	15.52504285	9.687224393
EM2	171.562	32.68625126	1.650636266
EO13	172.4955	39.77951449	1.531302538
EM2A	172.724	41.63283975	1.686716101
EO12	173.4405	47.72986848	2.646197453
SEP1	173.956	52.38794105	3.779382233
EO11	174.306	55.68019927	4.759997438
EM1	175.562	68.38731196	9.673004792
EO10	176.4955	78.78427772	14.70281043
EM1A	176.724	81.45212419	16.11067788
EO09	177.0035	84.77485152	17.92950793
SES2	177.157	86.62660551	18.9740155
EO08	177.4375	90.04690038	20.96945315
EL2	178.287	86.8718985	31.7156343
EO07	179.084	51.10374943	62.02143655
SEOQ	179.267	42.34851216	72.35324989
EO06	179.367	37.91217912	78.33562205
SES1	179.512	31.9170586	87.43053772
EO05	179.617	27.90064046	94.3218532
SEP0	179.647	26.80299701	96.33825733
EO04	179.716	24.36225833	101.0569903
EL1	180.305	10.79308589	121.8686475
EO03	180.886	6.003644716	89.94494449
SEX0Z1	180.997	5.491303029	80.90661882
EO02	181.222	4.53603341	64.05451032
KEDRA	181.587	3.22354602	40.90065067
EO01	181.812	2.560680501	29.20690481
KEDR	182.437	1.304470924	7.04585993
KEDR	183.637	1.304469357	7.045859767
EO01	184.262	2.560677302	29.20690448
KEDRA	184.487	3.223542234	40.90065027
EO02	184.852	4.536028671	64.05450983
NEX0Z1	185.077	5.491297703	80.90661827
EO03	185.188	6.0036391	89.94494391
EL1	185.769	10.79307738	121.8686469
EO04	186.358	24.36224107	101.0569899
NEP0	186.427	26.80297819	96.33825699
EO05	186.457	27.90062094	94.32185288
NES1	186.562	31.91703652	87.43053742
EO06	186.707	37.91215327	78.33562177
NEOQ	186.807	42.34848352	72.35324965
EO07	186.99	51.10371532	62.02143637
EL2	187.787	86.87184278	31.71563429
EO08	188.6365	90.04684453	20.96945325
NES2	188.917	86.62655243	18.97401561
EO09	189.0705	84.77479995	17.92950806
EM1A	189.35	81.45207526	16.11067803
EO10	189.5785	78.78423091	14.7028106
EM1	190.512	68.38727334	9.673005011
EO11	191.768	55.6801705	4.759997654
NEP1	192.118	52.38791479	3.779382436
EO12	192.6335	47.72984573	2.646197627
EM2A	193.35	41.63282154	1.686716216
EO13	193.5785	39.77949763	1.531302628
EM2	194.512	32.6862395	1.650636235
EO14	197.4025	15.52504237	9.687223738
NEP3	199.387	7.835081249	21.92355419
EO15	199.717	6.878664137	24.48891385
EL3	200.6805	5.132715306	29.86116663
EO16	201.834	6.28498167	22.57070465
NEO2	202.429	7.432800332	18.06423091
EO17	202.584	7.764648958	16.97834251
NEZ2	202.724	8.076049177	16.02882753
EO18	202.899	8.480870564	14.88369457
NEX3	203.074	8.902993188	13.78496248
EO19	203.459	9.892563314	11.53108293
NEQ2	203.859	11.00938344	9.42726534
EO20	204.879	14.26640311	5.159787816
EL4	206.4575	19.03748071	1.808025587
EO21	207.391	16.350524	1.983602228
NEP4	207.691	15.14781984	2.303405455
EO22	207.829	14.61384355	2.486955334
EZM1	208.0945	13.62066899	2.904675276
EZM2	208.507	12.16675265	3.722285265
EZM3	208.9195	10.82131709	4.745062385
EO23	209.0705	10.35592964	5.170758835
EM3A	209.1445	10.13363834	5.389146312
EM3	209.721	8.521370783	7.304138123
EO24	210.3355	7.007825522	9.771648955
EL5	211.0775	6.200547087	11.98898274
EO25	211.806	7.497015237	10.92745962
NEZ3	211.961	7.987838023	10.44790521
EO26	212.076	8.366065524	10.10196607
NEX5	212.191	8.756277438	9.764425608
EO27	212.381	9.427232352	9.225150914
NEQ3	212.586	10.18784691	8.669013888
EO28	212.726	10.72917559	8.304549688
NES3	212.866	11.28856223	7.952319727
EO29	213.221	12.79094325	7.112352881
NEP5	213.501	14.05717952	6.506409887
EO30	213.6195	14.61458608	6.265034324
F7	214.2845	16.55720672	5.552759181
O1	214.851	15.19783164	6.173057262
FS	215.032	14.36609009	6.570685744
B	216.1515	9.841497141	9.525817486
OM	217.145	6.703764031	12.87285178
RP	217.2	6.554412346	13.07807923
OM	217.255	6.407655861	13.28539598
D7	217.857	5.394580541	14.57288943
O1	218.424	5.491976184	13.51041573
DS	218.605	5.682862102	12.85779515
B	219.7245	7.183986585	9.300642263
O2	220.774	9.094246001	6.696992295
F7	221.4315	9.693613817	5.93591194
O1	221.998	8.497202907	6.569830688
FS	222.179	7.911740904	6.981550595
B	223.2985	4.928334598	10.01861341
OM	224.292	3.201382909	13.42399214
RP	224.347	3.131222109	13.63203723
OM	224.402	3.063749673	13.84212932
D7	225.004	2.708472036	15.11216707
O1	225.571	3.082044389	13.9413267
DS	225.752	3.330165901	13.24304885
B	226.8715	5.530574327	9.423907164
O2	227.921	8.624440421	6.636185894
F7	228.5785	10.20305449	5.780550754
O1	229.145	9.765155669	6.309581008
FS	229.326	9.370229197	6.680266567
B	230.4455	7.245992747	9.438965389
OM	231.439	5.833499796	12.55159044
RP	231.494	5.768446957	12.74213698
OM	231.549	5.704801845	12.93459739
D7	232.151	5.516353451	14.08002636
O1	232.718	6.403075734	12.95654265
DS	232.899	6.880688597	12.29727325
B	234.0185	10.43823198	8.703231285
O2	235.068	14.69124906	6.116784148
F7	235.7255	16.39016192	5.344491407
O1	236.292	14.8699743	5.86909054
FS	236.473	13.99624488	6.228439759
B	237.5925	9.258211008	8.936766613
OM	238.586	6.041829157	12.03200793
RP	238.641	5.891232681	12.2223311
OM	238.696	5.743550916	12.41464665
D7	239.298	4.689979386	13.60309992
O1	239.865	4.662114214	12.59955325
DS	240.046	4.797487209	11.98664955
B	241.1655	5.983652148	8.647017628
O2	242.215	7.631567457	6.234367581
F7	242.8725	8.213326899	5.553702833
O1	243.439	7.283302593	6.190555597
FS	243.62	6.81385949	6.595003599
B	244.7395	4.458821395	9.609329735
OM	245.733	3.163831599	13.02314819
RP	245.788	3.114106487	13.23242161
OM	245.843	3.066702828	13.44382397
D7	246.445	2.918245345	14.76351764
O1	247.012	3.511036875	13.69912529
DS	247.193	3.840844579	13.04080686
B	248.3125	6.596660025	9.446960624
O2	249.362	10.29496006	6.808789038
F7	250.0195	12.13111384	6.03410526
O1	250.586	11.55528183	6.672695511
FS	250.767	11.06752236	7.087960218
B	251.8865	8.412776094	10.13847499
OM	252.88	6.56680361	13.54995804
RP	252.935	6.478778791	13.75819131
OM	252.99	6.392275478	13.96845556
D7	253.592	6.000519374	15.23200657
O1	254.159	6.756564329	14.04048381
DS	254.34	7.193606984	13.33549846
B	255.4595	10.38845701	9.500356763
O2	256.509	14.15595686	6.69749841
F7	257.1665	15.55145707	5.835006535
O1	257.733	13.93508638	6.364631543
FS	257.914	13.06276303	6.735689323
B	259.0335	8.401074613	9.479380206
OM	260.027	5.311740784	12.56955631
RP	260.082	5.16973902	12.75865943
OM	260.137	5.030815721	12.94965218
D7	260.739	4.032380639	14.0797859
O1	261.306	3.970913065	12.94732686
DS	261.487	4.083294499	12.28754508
B	262.6065	5.168232638	8.709786979
O2	263.656	6.793071883	6.134291589
F7	264.3135	7.46501808	5.367279249
O1	264.88	6.757799044	5.898590385
FS	265.061	6.371230786	6.260357995
B	266.1805	4.44918134	8.977978313
OM	267.174	3.423614994	12.08060818
RP	267.229	3.385629605	12.27134981
OM	267.284	3.349633258	12.46408239
I11	267.39	3.285869226	12.84114674
NIL4	267.595	3.242073333	13.34917316
I10	267.9185	3.613320619	12.63123574
NIM4	268.429	4.475141541	11.21334863
NIM4A	268.89	5.448104868	10.02509565
NIM4	269.351	6.593717959	8.951385566
I09	270.4525	10.07815702	6.778841311
NIL3	271.367	13.48283957	5.55325434
I08	271.544	13.1781212	5.789203436
NIP2	271.587	13.03918855	5.8776969
I07	271.642	12.86296829	5.992788586
NIZ1	271.772	12.45307057	6.273311803
I06	271.981	11.8135921	6.749313311
NIM3	272.436	10.50717178	7.888217627
NIM3A	272.897	9.306611484	9.175552207
NIM3	273.358	8.206416306	10.6191602
I05	273.831	7.205764035	12.23341988
NIL2	274.117	6.787498899	13.03856142
I04	274.403	7.153310772	12.4442178
NIM2	274.876	8.058597621	11.14247694
NIM2A	275.337	9.055725415	9.96040299
NIM2	275.798	10.14383703	8.893560316
I03	277.136	13.93314738	6.349571453
NIL1	278.287	17.57771148	4.980360818
I02	278.461	16.93522996	5.185022991
NIP1	278.501	16.71420444	5.257199522
I01	279.0155	14.01765478	6.284691513
NIM1	279.851	10.21977954	8.340435363
NIM1A	280.312	8.437769397	9.661809091
NIM1	280.773	6.856300074	11.13825967
I00	281.3635	5.157214193	13.20905441
D7	282.18	3.695673221	15.26879378
O1	282.747	3.652438915	14.05519534
DS	282.928	3.766186248	13.34112931
B	284.0475	4.897994421	9.441063827
O2	285.097	6.622511853	6.59892393
F7	285.7545	7.393421297	5.713992734
O1	286.321	6.786937866	6.205409841
FS	286.502	6.430089802	6.560314844
B	287.6215	4.653469405	9.201050774
OM	288.615	3.697553405	12.18924273
RP	288.67	3.661786102	12.37237834
OM	288.725	3.627836915	12.55737211
D7	289.327	3.644783832	13.65287071
O1	289.894	4.483607004	12.55788547
DS	290.075	4.913071455	11.92015923
B	291.1945	8.301833235	8.474838495
O2	292.244	12.62067853	6.004971674
F7	292.9015	14.6406514	5.286125465
O1	293.468	13.74638434	5.842501492
FS	293.649	13.09785802	6.210913999
B	294.7685	9.544308622	8.973516483
OM	295.762	7.034936305	12.13203187
RP	295.817	6.913917026	12.32633305
OM	295.872	6.794815222	12.52267256
D7	296.474	6.085428039	13.75050483
O1	297.041	6.553915772	12.76622008
DS	297.222	6.888814475	12.15694775
B	298.3415	9.343418289	8.849454243
O2	299.391	12.2478647	6.445318334
F7	300.0485	13.21595199	5.776445876
O1	300.615	11.67014276	6.460612046
FS	300.796	10.88569902	6.88688167
B	301.9155	6.767141517	10.03837606
OM	302.909	4.164631878	13.58431589
RP	302.964	4.049680902	13.80122573
OM	303.019	3.937811875	14.0202955
D7	303.621	3.165668694	15.37803702
O1	304.188	3.205537207	14.24884364
DS	304.369	3.340565508	13.55590745
B	305.4885	4.678525764	9.758904829
O2	306.538	6.714234992	6.963055822
F7	307.1955	7.714833107	6.115483904
O1	307.762	7.247181229	6.709088606
FS	307.943	6.918198909	7.110739761
B	309.0625	5.250224782	10.06913192
OM	310.056	4.305344091	13.37384953
RP	310.111	4.267849289	13.57545098
OM	310.166	4.231929919	13.77900959
D7	310.768	4.258171871	14.97920643
O1	311.335	5.185136613	13.76167529
DS	311.516	5.656961385	13.05312
B	312.6355	9.301464288	9.181897566
O2	313.685	13.83170409	6.377476015
F7	314.3425	15.85660749	5.504931334
O1	314.909	14.72453047	5.973051438
FS	315.09	13.9722142	6.315571024
B	316.2095	9.834459572	8.891672019
OM	317.203	6.933839385	11.82813407
RP	317.258	6.794745724	12.00852975
OM	317.313	6.657942784	12.19079832
D7	317.915	5.760236463	13.28388183
O1	318.482	6.013435295	12.24125354
DS	318.663	6.266867596	11.62542754
B	319.7825	8.188028048	8.280844925
O2	320.832	10.52463285	5.891726239
F7	321.4895	11.26851306	5.211433021
O1	322.056	9.893598323	5.790582753
FS	322.237	9.211948891	6.166618911
B	323.3565	5.678386708	9.002786696
OM	324.35	3.539064855	12.25132314
RP	324.405	3.448207044	12.45123795
OM	324.46	3.360262711	12.65326051
D7	325.062	2.807332414	13.9328767
O1	325.629	3.007096385	12.96452095
DS	325.81	3.193892879	12.35382537
B	326.9295	4.939106201	9.02179955
O2	327.979	7.492678478	6.589076326
F7	328.6365	8.797194871	5.911449803
O1	329.203	8.391361297	6.612125461
FS	329.384	8.048017971	7.047562429
B	330.5035	6.258518999	10.25697105
OM	331.497	5.146508404	13.85570243
RP	331.552	5.098135672	14.07556053
OM	331.607	5.051172497	14.29758247
D7	332.209	5.002441539	15.66663522
O1	332.776	5.952080597	14.50414885
DS	332.957	6.442756082	13.79596636
B	334.0765	10.12456898	9.928229565
O2	335.126	14.58818056	7.074429336
F7	335.7835	16.4688189	6.200655558
O1	336.35	15.10298163	6.784355576
FS	336.531	14.27202508	7.183365483
B	337.6505	9.755320113	10.1038618
OM	338.644	6.629024827	13.35886655
RP	338.699	6.480427193	13.55731675
OM	338.754	6.334437063	13.75767968
D7	339.356	5.325259546	14.9264833
O1	339.923	5.416600159	13.69425895
DS	340.104	5.60403435	12.98545637
B	341.2235	7.085969384	9.139101392
O2	342.273	8.981642834	6.355085217
F7	342.9305	9.583427912	5.490707459
O1	343.497	8.409914586	5.960692567
FS	343.678	7.833887757	6.302712804
B	344.7975	4.900432076	8.865453699
OM	345.791	3.205561223	11.78735412
RP	345.846	3.136837451	11.96691418
OM	345.901	3.070766416	12.14834096
TO17	346.3045	2.667164114	13.53643696
W0	346.749	2.369984308	15.29411286
WM	346.9975	2.169022632	17.08394034
WP	347.3225	2.244202778	17.54791906
WM	347.6475	2.176007206	19.95686605
W0	347.896	2.382946624	20.10804601
TO16	348.2205	2.594727507	21.55453433
NTX2	348.529	2.864576152	23.13820361
TO15	348.634	2.9754419	23.69196431
NTZ3	348.739	3.095967641	24.25321515
TO14	349.084	3.55999504	26.15006183
NTP4	349.369	4.021981977	27.77801334
TO13	349.534	4.321976652	28.74573351
TL4	350.3325	6.876435891	29.59576668
TO12	351.1075	13.58288872	20.34285134
TL3	351.8825	21.68504416	12.62907984
TO11	352.881	20.92203955	11.50271749
RES1	353.716	17.77300281	12.15395793
TO10	354.331	15.66407631	12.72059494
NTZ2	354.536	15.00076694	12.92587034
TO09	354.741	14.35729062	13.13934393
RES2	355.356	12.54586002	13.82895391
TO08	355.931	11.01370675	14.54045263
NTP2	356.036	10.75077031	14.6773428
TO07	356.076	10.65197265	14.73005717
NTX1	356.176	10.40828207	14.86320864
TO06	356.381	9.923470228	15.14226782
RES3	356.996	8.588033066	16.02863454
TO05	358.8215	5.67533079	19.09418194
TL2	360.8105	4.808740142	20.67155719
TO04	361.5855	7.037233656	13.98247207
TL1	362.3605	9.860990304	8.230914704
TO03	363.169	10.31773255	5.834038764
NTP0	363.344	10.21307161	5.524087616
TO02	363.394	10.18436249	5.439066158
NTZ1	363.504	10.12307037	5.257550845
TO01	364.789	9.597319835	3.700550183
CTX	366.039	9.422200767	3.181934934
RING$END	366.074	9.4220708	3.181549899
